0		0		0		4096		4096		
1		0		0		2048		2048		
2		2048		0		2048		2048		
3		0		2048		2048		2048		
31		0		2048		1024		1024		
311		0		2048		512		512		
312		512		2048		512		512		
313		0		2560		512		512		
3131		0		2560		256		256		571		572		16		12		8		4		0		
3132		256		2560		256		256		24		659		
3133		0		2816		256		256		132		92		85		77		56		
3134		256		2816		256		256		585		573		56		
314		512		2560		512		512		
3141		512		2560		256		256		24		595		657		658		594		
3142		768		2560		256		256		24		597		655		656		596		
3143		512		2816		256		256		581		94		584		
3144		768		2816		256		256		583		582		94		593		
32		1024		2048		1024		1024		
321		1024		2048		512		512		
322		1536		2048		512		512		
323		1024		2560		512		512		
3231		1024		2560		256		256		24		598		654		653		
3232		1280		2560		256		256		24		54		22		20		18		652		651		14		10		6		2		
3233		1024		2816		256		256		94		
3234		1280		2816		256		256		94		551		86		565		79		550		75				73		547		70		
324		1536		2560		512		512		
3241		1536		2560		256		256		
3242		1792		2560		256		256		
3243		1536		2816		256		256		94		86		79		
3244		1792		2816		256		256		639		
33		0		3072		1024		1024		
331		0		3072		512		512		
3311		0		3072		256		256		289		272		202		188		174		168		650		136		
3312		256		3072		256		256		202		190		568		648		649		567		170		138		
3313		0		3328		256		256		
3314		256		3328		256		256		
332		512		3072		512		512		
3321		512		3072		256		256		202		592		646		647		581		
3322		768		3072		256		256		291		274		202		645		644		583		582		
3323		512		3328		256		256		
3324		768		3328		256		256		
333		0		3584		512		512		
334		512		3584		512		512		
34		1024		3072		1024		1024		
341		1024		3072		512		512		
3411		1024		3072		256		256		291		642		643		
3412		1280		3072		256		256		291		276		234		192		641		176		
3413		1024		3328		256		256		
3414		1280		3328		256		256		
342		1536		3072		512		512		
3421		1536		3072		256		256		291		553		276		552		284		234		192		640		176		140		
3422		1792		3072		256		256		286		242		599		638		140		
3423		1536		3328		256		256		433		414		400		334		330		322		318		570		629		313		554		
3424		1792		3328		256		256		334		591		628		627		
343		1024		3584		512		512		
344		1536		3584		512		512		
3441		1536		3584		256		256		475		463		447		
3442		1792		3584		256		256		
3443		1536		3840		256		256		
3444		1792		3840		256		256		
4		2048		2048		2048		2048		
41		2048		2048		1024		1024		
411		2048		2048		512		512		
412		2560		2048		512		512		
413		2048		2560		512		512		
4131		2048		2560		256		256		
4132		2304		2560		256		256		
4133		2048		2816		256		256		637		
4134		2304		2816		256		256		634		
414		2560		2560		512		512		
4141		2560		2560		256		256		
4142		2816		2560		256		256		
4143		2560		2816		256		256		589		128		632		631		
4144		2816		2816		256		256		134		590		130		90		630		83		
42		3072		2048		1024		1024		
43		2048		3072		1024		1024		
431		2048		3072		512		512		
4311		2048		3072		256		256		604		603		242		246		600		601		602		636		152		586		
4312		2304		3072		256		256		250		588		635		602		154		587		
4313		2048		3328		256		256		334		352		626		326		608		625		
4314		2304		3328		256		256		352		608		607		624		623		
432		2560		3072		512		512		
4321		2560		3072		256		256		250		184		154		
4322		2816		3072		256		256		311		287		250		200		633		186		172		160		
4323		2560		3328		256		256		352		605		606		622		621		
4324		2816		3328		256		256		435		416		402		352		620		619		
433		2048		3584		512		512		
434		2560		3584		512		512		
4341		2560		3584		256		256		
4342		2816		3584		256		256		477		465		449		
4343		2560		3840		256		256		
4344		2816		3840		256		256		
44		3072		3072		1024		1024		
441		3072		3072		512		512		
4411		3072		3072		256		256		
4412		3328		3072		256		256		
4413		3072		3328		256		256		435		416		419		402		352		382		580		579		618		315		
4414		3328		3328		256		256		438		440		421		423		405		407		382		386		578		616		617		
442		3584		3072		512		512		
4421		3584		3072		256		256		
4422		3840		3072		256		256		
4423		3584		3328		256		256		440		443		576		423		426		428		407		410		386		392		575		615		614		
4424		3840		3328		256		256				445		569		430		412		392		398		332		328		320		613		612		316		
443		3072		3584		512		512		
4431		3072		3584		256		256		477		465		449		
4432		3328		3584		256		256		480		482		468		470		452		454		
4433		3072		3840		256		256		
4434		3328		3840		256		256		
444		3584		3584		512		512		
4441		3584		3584		256		256		496		561		493				490				574		487		482		470		454		457		
4442		3840		3584		256		256		498		577		494		491		611		559		488		558		485				473				461		
4443		3584		3840		256		256		529		564		610		516		512		500		
4444		3840		3840		256		256		529		527				525		609				523		548		518		514		500		510		
